521
501
485
471
454
435
421
410
397
384
375
369
361
351
344
341
333
322
314
309
299
286
275
267
253
236
221
209
191
171
153
137
117
94
73
54
31
6
0
0
0
0
0
0
0
0
0
0
0
8
37
82
136
198
274
359
446
532
624
720
804
873
938
999
1022
1022
1022
1022
1022
1023
1022
1022
1022
1022
1022
1022
1023
1022
1020
1015
1001
978
955
933
901
863
826
790
746
702
672
649
624
599
580
564
542
519
499
483
461
438
420
406
390
373
362
354
343
332
326
323
316
308
304
301
295
287
281
276
266
253
243
234
220
203
189
176
158
138
120
103
82
58
37
17
0
0
0
0
0
0
0
0
0
0
0
0
0
1
21
59
106
162
232
312
394
476
564
655
740
811
876
935
980
1016
1023
1023
1023
1023
1023
1022
1023
1022
1023
1021
1018
1006
995
982
960
931
904
878
842
801
763
725
690
659
637
620
600
577
560
545
525
503
485
472
455
437
426
419
409
398
392
389
383
374
371
370
363
352
344
337
325
311
299
290
275
258
245
233
217
198
183
169
150
128
110
93
70
46
24
4
0
0
0
0
0
0
0
0
0
0
0
0
0
10
43
92
152
219
301
391
482
573
668
764
842
907
968
1023
1023
1022
1021
1023
1022
1023
1022
1023
1023
1022
1022
1023
1023
1020
1016
1011
996
973
950
927
894
856
819
783
738
696
665
642
617
591
570
551
527
500
478
458
433
406
386
369
349
328
314
303
288
274
264
257
247
235
228
222
212
201
193
187
176
162
151
143
128
112
98
86
68
49
32
15
0
0
0
0
0
0
0
0
0
0
0
0
0
0
0
0
0
0
0
7
28
64
116
183
255
333
421
513
601
688
775
852
913
965
1012
1022
1023
1022
1023
1022
1022
1023
1022
1022
1022
1021
1018
1013
997
974
951
928
895
856
819
781
734
691
659
633
605
576
551
528
500
470
444
421
393
364
342
323
300
279
263
251
235
220
211
204
194
184
178
174
165
155
149
144
134
122
113
104
92
77
65
54
37
19
4
0
0
0
0
0
0
0
0
0
0
0
0
0
0
0
0
0
0
0
0
0
0
0
15
50
96
154
227
309
395
482
576
670
757
830
896
957
1002
1022
1022
1022
1023
1022
1023
1023
1023
1022
1023
1021
1007
985
963
939
905
864
825
784
735
688
654
627
598
570
547
528
502
475
451
429
402
375
354
335
313
291
274
260
242
223
209
198
183
170
160
154
144
134
127
123
115
105
99
95
85
75
68
62
50
38
28
19
6
0
0
0
0
0
0
0
0
0
0
0
0
0
0
0
0
0
0
0
0
0
0
17
46
89
147
219
294
375
464
558
647
735
817
891
949
999
1023
1023
1022
1023
1021
1021
1022
1022
1023
1023
1020
1008
996
979
951
917
884
849
804
755
710
676
640
607
579
554
524
492
465
439
408
377
352
329
304
280
260
244
224
207
196
187
176
165
160
157
151
145
143
143
139
133
131
130
124
117
113
109
100
89
82
74
61
47
36
24
9
0
0
0
0
0
0
0
0
0
0
0
0
0
0
0
0
0
0
10
33
72
129
200
278
363
459
561
659
757
849
934
1005
1022
1023
1023
1023
1022
1023
1022
1022
1023
1022
1022
1022
1023
1022
1022
1022
1022
1021
1015
995
969
942
913
874
831
789
747
700
662
632
609
582
556
534
515
491
466
445
426
404
382
366
353
337
322
313
307
298
288
284
282
276
269
266
264
257
248
244
239
228
217
210
202
189
175
164
153
137
119
104
90
70
50
32
15
0
0
0
0
0
0
0
0
0
0
0
0
4
25
64
118
180
252
336
430
522
618
721
820
902
976
1022
1022
1023
1023
1022
1023
1023
1022
1023
1022
1022
1022
1023
1023
1023
1022
1020
1013
993
966
939
910
869
825
781
737
690
650
619
593
562
531
505
480
449
418
391
366
338
310
287
268
245
222
206
192
174
158
146
137
124
113
108
105
98
91
88
85
77
68
62
57
45
31
22
8
0
0
0
0
0
0
0
0
0
0
0
0
0
0
0
0
0
0
0
0
0
0
0
0
8
37
85
150
222
303
394
490
584
679
776
862
934
997
1023
1023
1022
1023
1023
1023
1022
1021
1022
1022
1022
1023
1023
1023
1023
1020
1015
1005
983
956
929
899
859
816
773
731
687
651
622
596
567
537
511
486
455
424
398
374
346
320
298
279
257
236
220
206
189
174
162
152
137
122
111
101
85
69
57
44
27
8
0
0
0
0
0
0
0
0
0
0
0
0
0
0
0
0
0
0
0
0
0
0
0
0
0
0
0
0
6
35
76
133
206
290
378
471
571
672
766
849
926
994
1022
1023
1022
1023
1021
1022
1022
1022
1022
1022
1022
1023
1020
1012
1001
985
958
926
894
859
815
768
723
687
65
124
